0001PSY101 10 S. Freud       091312   10   20    1    4    1    1
12341234123412341234
(T5,I2,T8,20I1) 
001 20 12341234123412341234
002 10 12341234121133113311
003  1 13223322332233223322
004 15 12341234123412313311
    -1
005  8 33113311331112341234
006  0 44114411441144114411
007  4 12344411441144114411
008 20 12341234123412341234
    -1
009 12 12341234123433223322
010 16 33111234123412341234
    -1
    -1
    -1
0001PSY101 10 S. Freud       091312    3    2    1    4    1    1
12
(T5,I2,T8,2I1)
001  0 21
002  1 13
003  2 12
    -1
    -1
    -1
    -1
    -1
0000PSY101 10 S. Freud       091312    0    0    1    0    1    1

